POS: 2
UN1: 80
UN2: 25

# UNKNOWN ACHUNK
ACHUNK: 345, (580,  90,  30,  40), ( 30, 128)

# STATIC ACHUNKS
ACHUNK:  40, (  0,   0, 100,  32), (100,   5)
ACHUNK: 120, (  0,   0, 256,  32), (225, 408)

# GLYPH ACHUNKS (11)
ACHUNK:  85, (  0,   0,  24,  64), (135, 352)
ACHUNK:  90, ( 24,   0,  56,  64), (150, 352)
ACHUNK:  95, ( 64,   0,  80,  64), (180, 352)
ACHUNK: 100, ( 88,   0, 128,  64), (194, 352)
ACHUNK: 105, (136,   0, 176,  64), (241, 352)
ACHUNK: 110, (184,   0, 216,  64), (277, 352)
ACHUNK: 115, (224,   0, 264,  64), (317, 352)
ACHUNK: 120, (264,   0, 304,  64), (349, 352)
ACHUNK: 125, (312,   0, 336,  64), (383, 352)
ACHUNK: 130, (344,   0, 384,  64), (406, 352)
ACHUNK: 135, (392,   0, 424,  64), (439, 352)

COLOR0: #C8BE8C
COLOR1: #FFFF64
