POS: 2
UN1: 80
UN2: 30

# UNKNOWN ACHUNK
ACHUNK: 340, (500,  90,  30,  40), ( 20, 128)

# STATIC ACHUNKS
ACHUNK:  40, (  0,   0, 100,  32), (100,   5)
ACHUNK: 120, (  0,   0, 256,  32), (255, 410)

# GLYPH ACHUNKS (8)
ACHUNK:  85, (  0,   0,  42,  64), (132, 354)
ACHUNK:  90, ( 42,   0,  88,  64), (173, 354)
ACHUNK: 100, ( 96,   0, 168,  64), (219, 354)
ACHUNK: 110, (168,   0, 231,  64), (299, 354)
ACHUNK: 120, (232,   0, 296,  64), (362, 354)
ACHUNK: 130, (296,   0, 354,  64), (419, 354)
ACHUNK: 140, (355,   0, 424,  64), (479, 354)
ACHUNK: 150, (432,   0, 504,  64), (544, 354)

COLOR0: #C8BE8C
COLOR1: #FFFF64
