POS: 2
UN1: 80
UN2: 30

# UNKNOWN ACHUNK
ACHUNK: 340, (480,  90,  30,  50), ( 20, 128)

# STATIC ACHUNKS
ACHUNK:  40, (  0,   0, 100,  32), (100,   5)
ACHUNK: 120, (  0,   0, 256,  32), (246, 410)

# GLYPH ACHUNKS (12)
ACHUNK:  85, (  0,   0,  48,  64), (136, 354)
ACHUNK:  90, ( 48,   0,  80,  64), (177, 354)
ACHUNK:  95, ( 88,   0, 128,  64), (211, 354)
ACHUNK: 100, (136,   0, 160,  64), (246, 354)
ACHUNK: 105, (168,   0, 200,  64), (268, 354)
ACHUNK: 110, (208,   0, 224,  64), (302, 354)
ACHUNK: 115, (232,   0, 272,  64), (334, 354)
ACHUNK: 120, (280,   0, 312,  64), (375, 354)
ACHUNK: 125, (320,   0, 352,  64), (408, 354)
ACHUNK: 130, (360,   0, 384,  64), (435, 354)
ACHUNK: 135, (392,   0, 408,  64), (461, 354)
ACHUNK: 140, (416,   0, 448,  64), (475, 354)

COLOR0: #C8BE8C
COLOR1: #FFFF64
