POS: 3
UN1: 80
UN2: 200

# UNKNOWN ACHUNK
ACHUNK: 345, (400,  90,  40,  40), ( 20, 128)

# STATIC ACHUNKS
ACHUNK:  50, (  0,   0,   8,  32), (120, 370)
ACHUNK: 120, (  0,   0, 128,  32), (300, 412)

# GLYPH ACHUNKS (8)
ACHUNK:  85, (  0,   0,  48,  64), (222, 354)
ACHUNK:  90, ( 56,   0,  96,  64), (264, 354)
ACHUNK:  95, (104,   0, 144,  64), (296, 354)
ACHUNK: 100, (144,   0, 168,  64), (328, 354)
ACHUNK: 105, (176,   0, 208,  64), (352, 354)
ACHUNK: 110, (216,   0, 256,  64), (402, 354)
ACHUNK: 115, (264,   0, 304,  64), (441, 354)
ACHUNK: 120, (312,   0, 352,  64), (472, 354)

COLOR0: #C8BE8C
COLOR1: #FFFF64
