POS: 2
UN1: 90
UN2: 30

# UNKNOWN ACHUNK
ACHUNK: 340, (480,  90,  30,  30), ( 20, 128)

# STATIC ACHUNKS
ACHUNK:  40, (  0,   0, 100,  32), (100,   5)
ACHUNK: 120, (  0,   0, 256,  32), (218, 410)

# GLYPH ACHUNKS (11)
ACHUNK:  85, (  0,   0,  40,  64), (135, 354)
ACHUNK:  89, ( 48,   0,  80,  64), (175, 354)
ACHUNK:  93, ( 88,   0, 120,  64), (207, 354)
ACHUNK:  97, (128,   0, 160,  64), (237, 354)
ACHUNK: 101, (168,   0, 192,  64), (271, 354)
ACHUNK: 105, (200,   0, 232,  64), (310, 354)
ACHUNK: 109, (240,   0, 272,  64), (341, 354)
ACHUNK: 113, (280,   0, 304,  64), (374, 354)
ACHUNK: 117, (312,   0, 344,  64), (394, 354)
ACHUNK: 121, (352,   0, 384,  64), (424, 354)
ACHUNK: 125, (392,   0, 416,  64), (449, 354)

COLOR0: #C8BE8C
COLOR1: #FFFF64
