POS: 1
UN1: 80
UN2: 100

# UNKNOWN ACHUNK
ACHUNK:  15, (700,  70,  20,  30), ( 20, 128)

# STATIC ACHUNKS
ACHUNK:  80, (  0,   0, 256,  32), ( 85,  45)
ACHUNK: 120, (  0,   0, 512,  32), (105,  78)

# GLYPH ACHUNKS (7)
ACHUNK: 100, (  0,   0,  40,  64), (322,  19)
ACHUNK: 108, ( 48,   0,  88,  64), (363,  19)
ACHUNK: 116, ( 88,   0, 120,  64), (393,  19)
ACHUNK: 124, (120,   0, 136,  64), (419,  19)
ACHUNK: 132, (144,   0, 176,  64), (433,  19)
ACHUNK: 140, (184,   0, 216,  64), (467,  19)
ACHUNK: 148, (224,   0, 240,  64), (501,  19)

COLOR0: #C8BE8C
COLOR1: #FFFF64
