POS: 3
UN1: 80
UN2: 65

# UNKNOWN ACHUNK
ACHUNK: 345, (500,  90,  30,  40), ( 20, 128)

# STATIC ACHUNKS
ACHUNK:  70, (  0,   0, 256,  32), ( 16, 376)
ACHUNK: 120, (  0,   0, 256,  32), (150, 410)

# GLYPH ACHUNKS (10)
ACHUNK:  90, (  0,   0,  40,  64), (227, 354)
ACHUNK:  95, ( 48,   0,  80,  64), (263, 354)
ACHUNK: 100, ( 88,   0, 120,  64), (293, 354)
ACHUNK: 105, (128,   0, 160,  64), (322, 354)
ACHUNK: 110, (168,   0, 200,  64), (348, 354)
ACHUNK: 115, (208,   0, 240,  64), (378, 354)
ACHUNK: 120, (248,   0, 280,  64), (411, 354)
ACHUNK: 125, (288,   0, 320,  64), (443, 354)
ACHUNK: 130, (328,   0, 344,  64), (472, 354)
ACHUNK: 135, (352,   0, 384,  64), (485, 354)

COLOR0: #C8BE8C
COLOR1: #FFFF64
