POS: 2
UN1: 80
UN2: 30

# UNKNOWN ACHUNK
ACHUNK: 340, (500,  90,  30,  30), ( 30, 128)

# STATIC ACHUNKS
ACHUNK:  40, (  0,   0, 100,  32), (100,   5)
ACHUNK: 120, (  0,   0, 256,  32), (263, 410)

# GLYPH ACHUNKS (7)
ACHUNK:  90, (  0,   0,  80,  64), (121, 354)
ACHUNK: 100, ( 88,   0, 176,  64), (210, 354)
ACHUNK: 105, (176,   0, 256,  64), (293, 354)
ACHUNK: 110, (264,   0, 344,  64), (372, 354)
ACHUNK: 115, (352,   0, 424,  64), (457, 354)
ACHUNK: 125, (424,   0, 466,  64), (531, 354)
ACHUNK: 135, (466,   0, 510,  64), (573, 354)

COLOR0: #C8BE8C
COLOR1: #FFFF64
