POS: 2
UN1: 80
UN2: 25

# UNKNOWN ACHUNK
ACHUNK: 340, (460,  90,  30,  40), ( 20, 128)

# STATIC ACHUNKS
ACHUNK:  50, (  0,   0, 256,  32), (128, 375)
ACHUNK: 120, (  0,   0, 512,  32), (172, 408)

# GLYPH ACHUNKS (7)
ACHUNK:  80, (  0,   0,  40,  64), (373, 353)
ACHUNK:  95, ( 48,   0,  80,  64), (413, 353)
ACHUNK: 110, ( 88,   0, 104,  64), (447, 353)
ACHUNK: 125, (112,   0, 136,  64), (462, 353)
ACHUNK: 140, (144,   0, 176,  64), (486, 353)
ACHUNK: 140, (184,   0, 216,  64), (520, 353)
ACHUNK: 140, (224,   0, 248,  64), (553, 353)

COLOR0: #C8BE8C
COLOR1: #FFFF64
