POS: 2
UN1: 80
UN2: 30

# UNKNOWN ACHUNK
ACHUNK: 340, (480,  90,  30,  40), ( 20, 128)

# STATIC ACHUNKS
ACHUNK:  40, (  0,   0, 100,  32), (100,   5)
ACHUNK: 120, (  0,   0, 256,  32), (204, 410)

# GLYPH ACHUNKS (8)
ACHUNK:  85, (  0,   0,  40,  64), (131, 354)
ACHUNK:  90, ( 40,   0,  72,  64), (167, 354)
ACHUNK:  95, ( 72,   0, 104,  64), (199, 354)
ACHUNK: 100, (104,   0, 128,  64), (231, 354)
ACHUNK: 105, (128,   0, 152,  64), (254, 354)
ACHUNK: 110, (152,   0, 184,  64), (274, 354)
ACHUNK: 115, (184,   0, 224,  64), (303, 354)
ACHUNK: 125, (224,   0, 336,  64), (353, 354)

COLOR0: #C8BE8C
COLOR1: #FFFF64
