POS: 2
UN1: 80
UN2: 30

# UNKNOWN ACHUNK
ACHUNK: 340, (480,  90,  40,  40), ( 20, 128)

# STATIC ACHUNKS
ACHUNK:  40, (  0,   0, 100,  32), (100,   5)
ACHUNK: 120, (  0,   0, 256,  32), (199, 410)

# GLYPH ACHUNKS (7)
ACHUNK:  90, (  0,   0,  88,  64), (140, 353)
ACHUNK: 100, ( 96,   0, 136,  64), (243, 353)
ACHUNK: 115, (144,   0, 184,  64), (282, 353)
ACHUNK: 120, (192,   0, 208,  64), (318, 353)
ACHUNK: 125, (216,   0, 248,  64), (332, 353)
ACHUNK: 130, (256,   0, 288,  64), (367, 353)
ACHUNK: 135, (296,   0, 336,  64), (401, 353)

COLOR0: #C8BE8C
COLOR1: #FFFF64
