POS: 2
UN1: 80
UN2: 30

# UNKNOWN ACHUNK
ACHUNK: 340, (480,  90,  40,  40), ( 20, 128)

# STATIC ACHUNKS
ACHUNK:  40, (  0,   0, 100,  32), (100,   5)
ACHUNK: 120, (  0,   0, 256,  32), (270, 410)

# GLYPH ACHUNKS (10)
ACHUNK:  80, (  0,   0,  48,  64), (135, 354)
ACHUNK:  85, ( 48,   0,  80,  64), (178, 354)
ACHUNK:  90, ( 80,   0, 112,  64), (208, 354)
ACHUNK:  95, (112,   0, 144,  64), (240, 354)
ACHUNK: 100, (144,   0, 160,  64), (269, 354)
ACHUNK: 105, (160,   0, 192,  64), (281, 354)
ACHUNK: 110, (192,   0, 216,  64), (312, 354)
ACHUNK: 115, (216,   0, 248,  64), (332, 354)
ACHUNK: 125, (248,   0, 360,  64), (375, 354)
ACHUNK: 135, (368,   0, 496,  64), (484, 354)

COLOR0: #C8BE8C
COLOR1: #FFFF64
