POS: 2
UN1: 80
UN2: 30

# UNKNOWN ACHUNK
ACHUNK: 340, (480,  90,  30,  50), ( 20, 128)

# STATIC ACHUNKS
ACHUNK:  40, (  0,   0,   8,   8), (100,   5)
ACHUNK: 120, (  0,   0, 256,  32), (223, 410)

# GLYPH ACHUNKS (13)
ACHUNK:  90, (  0,   0,  40,  64), (128, 354)
ACHUNK:  95, ( 48,   0,  80,  64), (161, 354)
ACHUNK: 100, ( 88,   0, 112,  64), (190, 354)
ACHUNK: 105, (120,   0, 152,  64), (214, 354)
ACHUNK: 110, (160,   0, 184,  64), (247, 354)
ACHUNK: 115, (192,   0, 224,  64), (268, 354)
ACHUNK: 120, (232,   0, 264,  64), (302, 354)
ACHUNK: 125, (272,   0, 316,  64), (350, 354)
ACHUNK: 130, (320,   0, 352,  64), (387, 354)
ACHUNK: 135, (360,   0, 376,  64), (420, 354)
ACHUNK: 140, (384,   0, 400,  64), (434, 354)
ACHUNK: 145, (408,   0, 440,  64), (447, 354)
ACHUNK: 150, (448,   0, 480,  64), (476, 354)

COLOR0: #C8BE8C
COLOR1: #FFFF64
