POS: 2
UN1: 80
UN2: 30

# UNKNOWN ACHUNK
ACHUNK: 340, (430,  90,  40,  40), ( 20, 128)

# STATIC ACHUNKS
ACHUNK:  40, (  0,   0, 100,  32), (100,   5)
ACHUNK: 120, (  0,   0, 256,  32), (242, 410)

# GLYPH ACHUNKS (10)
ACHUNK:  90, (  0,   0,  40,  64), (134, 354)
ACHUNK:  95, ( 48,   0,  88,  64), (166, 354)
ACHUNK: 100, ( 96,   0, 152,  64), (200, 354)
ACHUNK: 105, (160,   0, 192,  64), (248, 354)
ACHUNK: 110, (200,   0, 224,  64), (282, 354)
ACHUNK: 115, (232,   0, 272,  64), (315, 354)
ACHUNK: 120, (280,   0, 312,  64), (348, 354)
ACHUNK: 125, (320,   0, 360,  64), (386, 354)
ACHUNK: 130, (368,   0, 400,  64), (424, 354)
ACHUNK: 135, (408,   0, 456,  64), (457, 354)

COLOR0: #C8BE8C
COLOR1: #FFFF64
