POS: 2
UN1: 80
UN2: 30

# UNKNOWN ACHUNK
ACHUNK: 340, (480,  90,  40,  40), ( 20, 128)

# STATIC ACHUNKS
ACHUNK:  40, (  0,   0, 100,  32), (100,   5)
ACHUNK: 120, (  0,   0, 128,  32), (218, 410)

# GLYPH ACHUNKS (7)
ACHUNK:  95, (  0,   0,  88,  64), (141, 353)
ACHUNK: 110, ( 96,   0, 144,  64), (246, 353)
ACHUNK: 115, (144,   0, 184,  64), (286, 353)
ACHUNK: 120, (184,   0, 224,  64), (320, 353)
ACHUNK: 125, (224,   0, 264,  64), (354, 353)
ACHUNK: 130, (264,   0, 304,  64), (386, 353)
ACHUNK: 135, (304,   0, 320,  64), (420, 353)

COLOR0: #C8BE8C
COLOR1: #FFFF64
