POS: 2
UN1: 80
UN2: 30

# UNKNOWN ACHUNK
ACHUNK: 340, (480,  90,  40,  40), ( 20, 128)

# STATIC ACHUNKS
ACHUNK:  40, (  0,   0, 100,  32), (100,   5)
ACHUNK: 120, (  0,   0, 256,  32), (262, 410)

# GLYPH ACHUNKS (12)
ACHUNK:  90, (  0,   0,  48,  64), (137, 354)
ACHUNK:  95, ( 56,   0,  88,  64), (183, 354)
ACHUNK: 100, ( 96,   0, 128,  64), (214, 354)
ACHUNK: 105, (136,   0, 168,  64), (241, 354)
ACHUNK: 110, (176,   0, 200,  64), (273, 354)
ACHUNK: 115, (208,   0, 240,  64), (293, 354)
ACHUNK: 120, (248,   0, 280,  64), (325, 354)
ACHUNK: 125, (288,   0, 336,  64), (358, 354)
ACHUNK: 130, (344,   0, 384,  64), (422, 354)
ACHUNK: 135, (392,   0, 424,  64), (460, 354)
ACHUNK: 140, (432,   0, 464,  64), (491, 354)
ACHUNK: 145, (472,   0, 512,  64), (520, 354)

COLOR0: #C8BE8C
COLOR1: #FFFF64
