POS: 2
UN1: 80
UN2: 30

# UNKNOWN ACHUNK
ACHUNK: 340, (500,  90,  40,  40), ( 20, 128)

# STATIC ACHUNKS
ACHUNK:  60, (  0,   0, 256,  32), (130, 376)
ACHUNK: 120, (  0,   0, 512,  32), (190, 410)

# GLYPH ACHUNKS (7)
ACHUNK:  90, (  0,   0,  40,  64), (362, 350)
ACHUNK: 100, ( 48,   0,  64,  64), (402, 350)
ACHUNK: 110, ( 72,   0, 112,  64), (417, 350)
ACHUNK: 120, (120,   0, 144,  64), (455, 350)
ACHUNK: 130, (152,   0, 192,  64), (478, 350)
ACHUNK: 140, (200,   0, 232,  64), (514, 350)
ACHUNK: 150, (240,   0, 272,  64), (546, 350)

COLOR0: #C8BE8C
COLOR1: #FFFF64
