POS: 2
UN1: 80
UN2: 30

# UNKNOWN ACHUNK
ACHUNK: 340, (480,  90,  30,  50), ( 20, 128)

# STATIC ACHUNKS
ACHUNK:  40, (  0,   0, 100,  32), (100,   5)
ACHUNK: 120, (  0,   0, 256,  32), (246, 412)

# GLYPH ACHUNKS (12)
ACHUNK:  90, (  0,   0,  40,  64), (128, 354)
ACHUNK:  95, ( 48,   0,  80,  64), (169, 354)
ACHUNK: 100, ( 80,   0, 112,  64), (198, 354)
ACHUNK: 105, (112,   0, 144,  64), (228, 354)
ACHUNK: 110, (144,   0, 174,  64), (259, 354)
ACHUNK: 115, (176,   0, 192,  64), (290, 354)
ACHUNK: 120, (192,   0, 224,  64), (303, 354)
ACHUNK: 125, (232,   0, 288,  64), (347, 354)
ACHUNK: 130, (288,   0, 320,  64), (394, 354)
ACHUNK: 135, (328,   0, 360,  64), (426, 354)
ACHUNK: 140, (368,   0, 400,  64), (459, 354)
ACHUNK: 145, (408,   0, 440,  64), (492, 354)

COLOR0: #C8BE8C
COLOR1: #FFFF64
