POS: 1
UN1: 100
UN2: 130

# UNKNOWN ACHUNK
ACHUNK:  15, (480,  90,  40,  20), ( 30, 128)

# STATIC ACHUNKS
ACHUNK:  70, (  0,   0, 256,  32), ( 47,  46)
ACHUNK: 100, (  0,   0, 512,  32), (136,  79)

# GLYPH ACHUNKS (9)
ACHUNK: 100, (  0,   0,  48,  64), (259,  20)
ACHUNK: 105, ( 56,   0,  88,  64), (302,  20)
ACHUNK: 110, ( 96,   0, 128,  64), (333,  20)
ACHUNK: 115, (136,   0, 168,  64), (361,  20)
ACHUNK: 120, (176,   0, 200,  64), (393,  20)
ACHUNK: 125, (208,   0, 224,  64), (414,  20)
ACHUNK: 130, (232,   0, 264,  64), (428,  20)
ACHUNK: 135, (272,   0, 296,  64), (460,  20)
ACHUNK: 140, (304,   0, 336,  64), (484,  20)

COLOR0: #C8BE8C
COLOR1: #FFFF64
