POS: 3
UN1: 80
UN2: 85

# UNKNOWN ACHUNK
ACHUNK: 345, (500,  90,  40,  40), ( 20, 128)

# STATIC ACHUNKS
ACHUNK:  50, (  0,   0,   8,  32), (180, 372)
ACHUNK: 120, (  0,   0, 512,  32), (248, 414)

# GLYPH ACHUNKS (12)
ACHUNK:  80, (  0,   0,  40,  64), (148, 354)
ACHUNK:  85, ( 48,   0,  80,  64), (185, 354)
ACHUNK:  90, ( 88,   0, 112,  64), (218, 354)
ACHUNK:  95, (120,   0, 144,  64), (239, 354)
ACHUNK: 100, (152,   0, 192,  64), (277, 354)
ACHUNK: 105, (200,   0, 232,  64), (312, 354)
ACHUNK: 110, (240,   0, 272,  64), (342, 354)
ACHUNK: 115, (280,   0, 304,  64), (373, 354)
ACHUNK: 120, (312,   0, 328,  64), (394, 354)
ACHUNK: 125, (336,   0, 376,  64), (408, 354)
ACHUNK: 130, (384,   0, 416,  64), (443, 354)
ACHUNK: 135, (424,   0, 456,  64), (476, 354)

COLOR0: #C8BE8C
COLOR1: #FFFF64
