POS: 2
UN1: 80
UN2: 60

# UNKNOWN ACHUNK
ACHUNK: 340, (350,  90,  30,  40), ( 30, 128)

# STATIC ACHUNKS
ACHUNK:  40, (  0,   0, 100,  32), (100,   5)
ACHUNK: 120, (  0,   0, 128,  32), (221, 410)

# GLYPH ACHUNKS (7)
ACHUNK:  85, (  0,   0,  48,  64), (143, 354)
ACHUNK:  90, ( 56,   0,  88,  64), (187, 354)
ACHUNK:  95, ( 96,   0, 136,  64), (221, 354)
ACHUNK: 105, (144,   0, 184,  64), (275, 354)
ACHUNK: 110, (192,   0, 232,  64), (314, 354)
ACHUNK: 115, (240,   0, 272,  64), (348, 354)
ACHUNK: 120, (280,   0, 312,  64), (378, 354)

COLOR0: #C8BE8C
COLOR1: #FFFF64
