POS: 2
UN1: 80
UN2: 30

# UNKNOWN ACHUNK
ACHUNK: 340, (490,  90,  30,  30), ( 20, 128)

# STATIC ACHUNKS
ACHUNK:  40, (  0,   0, 100,  32), (100,   5)
ACHUNK: 120, (  0,   0, 256,  32), (210, 410)

# GLYPH ACHUNKS (12)
ACHUNK:  80, (  0,   0,  48,  64), (133, 354)
ACHUNK:  85, ( 56,   0,  80,  64), (179, 354)
ACHUNK:  90, ( 88,   0, 112,  64), (202, 354)
ACHUNK:  95, (120,   0, 136,  64), (227, 354)
ACHUNK: 100, (144,   0, 184,  64), (240, 354)
ACHUNK: 105, (184,   0, 216,  64), (276, 354)
ACHUNK: 110, (224,   0, 264,  64), (320, 354)
ACHUNK: 115, (272,   0, 304,  64), (361, 354)
ACHUNK: 120, (312,   0, 344,  64), (389, 354)
ACHUNK: 125, (352,   0, 384,  64), (419, 354)
ACHUNK: 130, (392,   0, 416,  64), (451, 354)
ACHUNK: 135, (424,   0, 456,  64), (474, 354)

COLOR0: #C8BE8C
COLOR1: #FFFF64
