POS: 3
UN1: 100
UN2: 100

# UNKNOWN ACHUNK
ACHUNK: 345, (500,  90,  40,  40), ( 20, 128)

# STATIC ACHUNKS
ACHUNK:  90, (  0,   0, 256,  32), ( 23, 376)
ACHUNK: 120, (  0,   0, 512,  32), ( 95, 414)

# GLYPH ACHUNKS (8)
ACHUNK: 100, (  0,   0,  40,  64), (281, 354)
ACHUNK: 110, ( 48,   0,  80,  64), (316, 354)
ACHUNK: 120, ( 88,   0, 120,  64), (348, 354)
ACHUNK: 130, (128,   0, 152,  64), (379, 354)
ACHUNK: 140, (160,   0, 176,  64), (400, 354)
ACHUNK: 140, (184,   0, 224,  64), (413, 354)
ACHUNK: 140, (232,   0, 264,  64), (448, 354)
ACHUNK: 140, (272,   0, 304,  64), (480, 354)

COLOR0: #C8BE8C
COLOR1: #FFFF64
