POS: 1
UN1: 80
UN2: 130

# UNKNOWN ACHUNK
ACHUNK:  15, (500,  90,  20,  30), ( 20, 128)

# STATIC ACHUNKS
ACHUNK:  60, (  0,   0, 256,  32), ( 17,  48)
ACHUNK: 120, (  0,   0, 512,  32), (180,  78)

# GLYPH ACHUNKS (14)
ACHUNK:  85, (  0,   0,  32,  64), (178,  20)
ACHUNK:  90, ( 40,   0,  72,  64), (207,  20)
ACHUNK:  95, ( 80,   0, 120,  64), (232,  20)
ACHUNK: 100, (128,   0, 160,  64), (274,  20)
ACHUNK: 105, (168,   0, 200,  64), (303,  20)
ACHUNK: 110, (208,   0, 240,  64), (329,  20)
ACHUNK: 115, (240,   0, 272,  64), (352,  20)
ACHUNK: 120, (272,   0, 296,  64), (377,  20)
ACHUNK: 125, (304,   0, 336,  64), (399,  20)
ACHUNK: 130, (344,   0, 376,  64), (425,  20)
ACHUNK: 135, (384,   0, 400,  64), (458,  20)
ACHUNK: 140, (408,   0, 432,  64), (468,  20)
ACHUNK: 145, (440,   0, 456,  64), (489,  20)
ACHUNK: 150, (464,   0, 496,  64), (499,  20)

COLOR0: #C8BE8C
COLOR1: #FFFF64
