POS: 2
UN1: 80
UN2: 30

# UNKNOWN ACHUNK
ACHUNK: 340, (480,  90,  40,  40), ( 20, 128)

# STATIC ACHUNKS
ACHUNK:  40, (  0,   0, 100,  32), (100,   5)
ACHUNK: 120, (  0,   0, 256,  32), (247, 410)

# GLYPH ACHUNKS (13)
ACHUNK:  85, (  0,   0,  40,  64), (136, 354)
ACHUNK:  90, ( 48,   0,  80,  64), (175, 354)
ACHUNK:  95, ( 88,   0, 120,  64), (207, 354)
ACHUNK: 100, (128,   0, 144,  64), (239, 354)
ACHUNK: 105, (152,   0, 168,  64), (254, 354)
ACHUNK: 110, (176,   0, 192,  64), (267, 354)
ACHUNK: 115, (200,   0, 248,  64), (282, 354)
ACHUNK: 120, (256,   0, 272,  64), (329, 354)
ACHUNK: 125, (280,   0, 312,  64), (341, 354)
ACHUNK: 130, (320,   0, 360,  64), (384, 354)
ACHUNK: 135, (368,   0, 392,  64), (425, 354)
ACHUNK: 140, (400,   0, 432,  64), (446, 354)
ACHUNK: 145, (440,   0, 480,  64), (478, 354)

COLOR0: #C8BE8C
COLOR1: #FFFF64
