POS: 2
UN1: 80
UN2: 30

# UNKNOWN ACHUNK
ACHUNK: 340, (480,  90,  40,  40), ( 20, 128)

# STATIC ACHUNKS
ACHUNK:  40, (  0,   0, 100,  32), (100,   5)
ACHUNK: 120, (  0,   0, 256,  32), (240, 410)

# GLYPH ACHUNKS (13)
ACHUNK:  85, (  0,   0,  40,  64), (133, 354)
ACHUNK:  90, ( 48,   0,  80,  64), (174, 354)
ACHUNK:  95, ( 88,   0, 128,  64), (204, 354)
ACHUNK: 100, (136,   0, 152,  64), (239, 354)
ACHUNK: 105, (160,   0, 192,  64), (255, 354)
ACHUNK: 110, (200,   0, 224,  64), (284, 354)
ACHUNK: 115, (232,   0, 248,  64), (309, 354)
ACHUNK: 120, (256,   0, 296,  64), (323, 354)
ACHUNK: 125, (304,   0, 344,  64), (359, 354)
ACHUNK: 130, (352,   0, 400,  64), (409, 354)
ACHUNK: 135, (408,   0, 440,  64), (452, 354)
ACHUNK: 140, (448,   0, 472,  64), (481, 354)
ACHUNK: 145, (480,   0, 512,  64), (502, 354)

COLOR0: #C8BE8C
COLOR1: #FFFF64
