POS: 3
UN1: 100
UN2: 80

# UNKNOWN ACHUNK
ACHUNK: 350, (500,  90,  40,  30), ( 20, 128)

# STATIC ACHUNKS
ACHUNK:  90, (  0,   0, 256,  32), ( 40, 376)
ACHUNK: 100, (  0,   0, 512,  32), ( 85, 412)

# GLYPH ACHUNKS (7)
ACHUNK:  90, (  0,   0,  40,  64), (302, 354)
ACHUNK:  95, ( 40,   0,  72,  64), (339, 354)
ACHUNK: 100, ( 80,   0,  96,  64), (371, 354)
ACHUNK: 105, (104,   0, 136,  64), (384, 354)
ACHUNK: 110, (136,   0, 168,  64), (411, 354)
ACHUNK: 115, (176,   0, 208,  64), (442, 354)
ACHUNK: 120, (216,   0, 256,  64), (473, 354)

COLOR0: #C8BE8C
COLOR1: #FFFF64
