POS: 0
UN1: 80
UN2: 20

# UNKNOWN ACHUNK
ACHUNK:  10, (520,  90,  30,  40), ( 30, 150)

# STATIC ACHUNKS
ACHUNK:  40, (  0,   0, 128,  32), (106,  44)
ACHUNK: 120, (  0,   0, 256,  32), (216,  78)

# GLYPH ACHUNKS (11)
ACHUNK:  85, (  0,   0,  40,  64), (131,  20)
ACHUNK:  90, ( 48,   0,  80,  64), (167,  20)
ACHUNK:  95, ( 88,   0, 112,  64), (200,  20)
ACHUNK: 100, (120,   0, 144,  64), (222,  20)
ACHUNK: 105, (152,   0, 192,  64), (259,  20)
ACHUNK: 110, (200,   0, 232,  64), (295,  20)
ACHUNK: 115, (240,   0, 256,  64), (326,  20)
ACHUNK: 120, (264,   0, 296,  64), (338,  20)
ACHUNK: 125, (304,   0, 336,  64), (365,  20)
ACHUNK: 130, (344,   0, 376,  64), (395,  20)
ACHUNK: 135, (384,   0, 424,  64), (424,  20)

COLOR0: #C8BE8C
COLOR1: #FFFF64
