POS: 1
UN1: 80
UN2: 100

# UNKNOWN ACHUNK
ACHUNK:  15, (550,  90,  20,  30), ( 20, 128)

# STATIC ACHUNKS
ACHUNK:  60, (  0,   0,   8,  32), (185,  42)
ACHUNK: 120, (  0,   0, 256,  32), (220,  80)

# GLYPH ACHUNKS (14)
ACHUNK:  80, (  0,   0,  40,  64), ( 69,  20)
ACHUNK:  85, ( 40,   0,  72,  64), (108,  20)
ACHUNK:  90, ( 72,   0, 104,  64), (137,  20)
ACHUNK:  95, (112,   0, 152,  64), (184,  20)
ACHUNK: 100, (160,   0, 192,  64), (224,  20)
ACHUNK: 105, (200,   0, 232,  64), (253,  20)
ACHUNK: 110, (232,   0, 264,  64), (281,  20)
ACHUNK: 115, (272,   0, 296,  64), (311,  20)
ACHUNK: 120, (296,   0, 320,  64), (332,  20)
ACHUNK: 125, (328,   0, 376,  64), (369,  20)
ACHUNK: 130, (384,   0, 416,  64), (412,  20)
ACHUNK: 135, (424,   0, 456,  64), (443,  20)
ACHUNK: 140, (456,   0, 472,  64), (470,  20)
ACHUNK: 145, (480,   0, 512,  64), (483,  20)

COLOR0: #C8BE8C
COLOR1: #FFFF64
