POS: 2
UN1: 80
UN2: 25

# UNKNOWN ACHUNK
ACHUNK: 340, (460,  90,  30,  40), ( 20, 128)

# STATIC ACHUNKS
ACHUNK:  40, (  0,   0, 100,  32), (100,   5)
ACHUNK: 120, (  0,   0, 256,  32), (210, 408)

# GLYPH ACHUNKS (11)
ACHUNK:  80, (  0,   0,  40,  64), (131, 354)
ACHUNK:  85, ( 40,   0,  72,  64), (167, 354)
ACHUNK:  90, ( 80,   0, 114,  64), (198, 354)
ACHUNK:  95, (120,   0, 144,  64), (232, 354)
ACHUNK: 100, (152,   0, 184,  64), (252, 354)
ACHUNK: 105, (192,   0, 224,  64), (284, 354)
ACHUNK: 110, (232,   0, 272,  64), (325, 354)
ACHUNK: 115, (280,   0, 296,  64), (365, 354)
ACHUNK: 120, (304,   0, 336,  64), (378, 354)
ACHUNK: 125, (344,   0, 376,  64), (410, 354)
ACHUNK: 130, (384,   0, 408,  64), (441, 354)

COLOR0: #C8BE8C
COLOR1: #FFFF64
