POS: 2
UN1: 80
UN2: 30

# UNKNOWN ACHUNK
ACHUNK: 340, (550,  90,  40,  40), ( 20, 128)

# STATIC ACHUNKS
ACHUNK:  40, (  0,   0, 100,  32), (100,   5)
ACHUNK: 120, (  0,   0, 512,  32), (160, 408)

# GLYPH ACHUNKS (9)
ACHUNK:  80, (  0,   0, 216,  64), (133, 354)
ACHUNK:  85, (216,   0, 256,  64), (349, 354)
ACHUNK:  90, (264,   0, 296,  64), (385, 354)
ACHUNK:  95, (304,   0, 328,  64), (417, 354)
ACHUNK: 100, (336,   0, 360,  64), (438, 354)
ACHUNK: 105, (368,   0, 400,  64), (461, 354)
ACHUNK: 110, (408,   0, 432,  64), (493, 354)
ACHUNK: 115, (440,   0, 472,  64), (516, 354)
ACHUNK: 120, (480,   0, 510,  64), (547, 354)

COLOR0: #C8BE8C
COLOR1: #FFFF64
