POS: 2
UN1: 80
UN2: 30

# UNKNOWN ACHUNK
ACHUNK: 340, (550,  90,  30,  30), ( 20, 128)

# STATIC ACHUNKS
ACHUNK:  40, (  0,   0, 100,  32), (100,   5)
ACHUNK: 120, (  0,   0, 256,  32), (250, 410)

# GLYPH ACHUNKS (13)
ACHUNK:  80, (  0,   0,  40,  64), (140, 354)
ACHUNK:  85, ( 48,   0,  80,  64), (177, 354)
ACHUNK:  90, ( 88,   0, 112,  64), (207, 354)
ACHUNK:  95, (120,   0, 152,  64), (231, 354)
ACHUNK: 100, (160,   0, 192,  64), (259, 354)
ACHUNK: 105, (200,   0, 232,  64), (292, 354)
ACHUNK: 110, (240,   0, 264,  64), (325, 354)
ACHUNK: 115, (272,   0, 296,  64), (348, 354)
ACHUNK: 120, (304,   0, 336,  64), (386, 354)
ACHUNK: 125, (344,   0, 376,  64), (417, 354)
ACHUNK: 130, (384,   0, 408,  64), (450, 354)
ACHUNK: 135, (416,   0, 440,  64), (473, 354)
ACHUNK: 140, (448,   0, 480,  64), (496, 354)

COLOR0: #C8BE8C
COLOR1: #FFFF64
