POS: 2
UN1: 100
UN2: 40

# UNKNOWN ACHUNK
ACHUNK: 330, (480,  90,  40,  30), ( 20, 128)

# STATIC ACHUNKS
ACHUNK:  30, (  0,   0,   8,  32), (100,   5)
ACHUNK: 120, (  0,   0, 512,  32), (167, 406)

# GLYPH ACHUNKS (14)
ACHUNK:  85, (  0,   0,  32,  64), (136, 354)
ACHUNK:  90, ( 40,   0,  72,  64), (165, 354)
ACHUNK:  95, ( 80,   0,  96,  64), (198, 354)
ACHUNK: 100, (104,   0, 120,  64), (213, 354)
ACHUNK: 105, (128,   0, 160,  64), (225, 354)
ACHUNK: 110, (168,   0, 200,  64), (257, 354)
ACHUNK: 115, (208,   0, 248,  64), (302, 354)
ACHUNK: 120, (248,   0, 272,  64), (334, 354)
ACHUNK: 125, (280,   0, 296,  64), (359, 354)
ACHUNK: 130, (304,   0, 344,  64), (386, 354)
ACHUNK: 135, (352,   0, 368,  64), (424, 354)
ACHUNK: 140, (376,   0, 408,  64), (439, 354)
ACHUNK: 145, (416,   0, 448,  64), (470, 354)
ACHUNK: 150, (456,   0, 488,  64), (502, 354)

COLOR0: #C8BE8C
COLOR1: #FFFF64
