POS: 1
UN1: 80
UN2: 100

# UNKNOWN ACHUNK
ACHUNK:  15, (500,  90,  20,  30), ( 20, 128)

# STATIC ACHUNKS
ACHUNK:  70, (  0,   0, 256,  32), (130,  47)
ACHUNK: 120, (  0,   0, 512,  32), (131,  78)

# GLYPH ACHUNKS (8)
ACHUNK:  85, (  0,   0,  40,  64), (285,  19)
ACHUNK:  90, ( 48,   0,  72,  64), (318,  19)
ACHUNK:  95, ( 80,   0,  96,  64), (342,  19)
ACHUNK: 100, (104,   0, 144,  64), (366,  19)
ACHUNK: 105, (152,   0, 168,  64), (403,  19)
ACHUNK: 110, (176,   0, 208,  64), (417,  19)
ACHUNK: 115, (216,   0, 248,  64), (448,  19)
ACHUNK: 120, (256,   0, 288,  64), (480,  19)

COLOR0: #C8BE8C
COLOR1: #FFFF64
