POS: 3
UN1: 80
UN2: 95

# UNKNOWN ACHUNK
ACHUNK: 345, (500,  90,  30,  40), ( 20, 128)

# STATIC ACHUNKS
ACHUNK:  50, (  0,   0,   8,  32), (180, 372)
ACHUNK: 120, (  0,   0, 256,  32), (228, 414)

# GLYPH ACHUNKS (12)
ACHUNK:  90, (  0,   0,  40,  64), (135, 354)
ACHUNK:  95, ( 48,   0,  80,  64), (168, 354)
ACHUNK: 100, ( 88,   0, 112,  64), (196, 354)
ACHUNK: 105, (120,   0, 152,  64), (217, 354)
ACHUNK: 110, (160,   0, 184,  64), (249, 354)
ACHUNK: 115, (192,   0, 224,  64), (271, 354)
ACHUNK: 120, (232,   0, 264,  64), (304, 354)
ACHUNK: 125, (272,   0, 296,  64), (336, 354)
ACHUNK: 130, (304,   0, 336,  64), (358, 354)
ACHUNK: 135, (344,   0, 384,  64), (406, 354)
ACHUNK: 140, (392,   0, 424,  64), (442, 354)
ACHUNK: 145, (432,   0, 472,  64), (470, 354)

COLOR0: #C8BE8C
COLOR1: #FFFF64
