POS: 2
UN1: 80
UN2: 25

# UNKNOWN ACHUNK
ACHUNK: 345, (580,  90,  30,  40), ( 30, 128)

# STATIC ACHUNKS
ACHUNK:  40, (  0,   0, 100,  32), (100,   5)
ACHUNK: 120, (  0,   0, 256,  32), (248, 408)

# GLYPH ACHUNKS (8)
ACHUNK:  90, (  0,   0,  80,  64), (132, 354)
ACHUNK: 100, ( 88,   0, 176,  64), (206, 354)
ACHUNK: 110, (184,   0, 256,  64), (288, 354)
ACHUNK: 120, (264,   0, 336,  64), (353, 354)
ACHUNK: 130, (344,   0, 384,  64), (431, 354)
ACHUNK: 140, (392,   0, 424,  64), (472, 354)
ACHUNK: 150, (432,   0, 456,  64), (502, 354)
ACHUNK: 160, (464,   0, 496,  64), (523, 354)

COLOR0: #C8BE8C
COLOR1: #FFFF64
