POS: 2
UN1: 80
UN2: 50

# UNKNOWN ACHUNK
ACHUNK: 340, (380,  90,  40,  40), ( 20, 150)

# STATIC ACHUNKS
ACHUNK:  40, (  0,   0, 100,  32), (100,   5)
ACHUNK: 120, (  0,   0, 128,  32), (219, 410)

# GLYPH ACHUNKS (8)
ACHUNK:  85, (  0,   0,  40,  64), (140, 354)
ACHUNK:  90, ( 48,   0,  88,  64), (180, 354)
ACHUNK:  95, ( 96,   0, 136,  64), (212, 354)
ACHUNK: 100, (144,   0, 192,  64), (266, 354)
ACHUNK: 105, (200,   0, 232,  64), (309, 354)
ACHUNK: 110, (240,   0, 256,  64), (342, 354)
ACHUNK: 115, (264,   0, 296,  64), (356, 354)
ACHUNK: 120, (304,   0, 336,  64), (390, 354)

COLOR0: #C8BE8C
COLOR1: #FFFF64
