POS: 2
UN1: 90
UN2: 30

# UNKNOWN ACHUNK
ACHUNK: 340, (500,  90,  40,  40), ( 20, 128)

# STATIC ACHUNKS
ACHUNK:  40, (  0,   0, 100,  32), (100,   5)
ACHUNK: 120, (  0,   0, 512,  32), (164, 410)

# GLYPH ACHUNKS (12)
ACHUNK:  85, (  0,   0,  40,  64), (132, 354)
ACHUNK:  90, ( 48,   0,  72,  64), (170, 354)
ACHUNK:  95, ( 72,   0, 104,  64), (189, 354)
ACHUNK: 100, (112,   0, 160,  64), (219, 354)
ACHUNK: 105, (168,   0, 184,  64), (263, 354)
ACHUNK: 110, (192,   0, 224,  64), (275, 354)
ACHUNK: 115, (232,   0, 272,  64), (314, 354)
ACHUNK: 120, (272,   0, 312,  64), (348, 354)
ACHUNK: 125, (312,   0, 336,  64), (379, 354)
ACHUNK: 130, (344,   0, 360,  64), (399, 354)
ACHUNK: 135, (368,   0, 400,  64), (412, 354)
ACHUNK: 140, (408,   0, 448,  64), (441, 354)

COLOR0: #C8BE8C
COLOR1: #FFFF64
