POS: 0
UN1: 80
UN2: 20

# UNKNOWN ACHUNK
ACHUNK:  10, (520,  90,  30,  50), ( 40, 150)

# STATIC ACHUNKS
ACHUNK:  60, (  0,   0, 256,  32), (124,  47)
ACHUNK: 120, (  0,   0, 512,  32), (177,  82)

# GLYPH ACHUNKS (9)
ACHUNK:  85, (  0,   0,  40,  64), (322,  20)
ACHUNK:  90, ( 48,   0,  80,  64), (354,  20)
ACHUNK:  95, ( 88,   0, 112,  64), (383,  20)
ACHUNK: 100, (120,   0, 152,  64), (403,  20)
ACHUNK: 105, (160,   0, 184,  64), (433,  20)
ACHUNK: 110, (192,   0, 224,  64), (456,  20)
ACHUNK: 115, (232,   0, 264,  64), (488,  20)
ACHUNK: 120, (272,   0, 296,  64), (518,  20)
ACHUNK: 125, (304,   0, 336,  64), (538,  20)

COLOR0: #C8BE8C
COLOR1: #FFFF64
