POS: 2
UN1: 100
UN2: 60

# UNKNOWN ACHUNK
ACHUNK: 340, (560,  90,  10,  30), ( 40, 128)

# STATIC ACHUNKS
ACHUNK:  70, (  0,   0, 256,  32), (115, 377)
ACHUNK: 100, (  0,   0, 512,  32), (155, 406)

# GLYPH ACHUNKS (12)
ACHUNK:  80, (  0,   0,  32,  64), (305, 354)
ACHUNK:  85, ( 40,   0,  64,  64), (337, 354)
ACHUNK:  90, ( 72,   0, 104,  64), (353, 354)
ACHUNK:  95, (112,   0, 144,  64), (378, 354)
ACHUNK: 100, (144,   0, 176,  64), (403, 354)
ACHUNK: 105, (184,   0, 224,  64), (436, 354)
ACHUNK: 110, (224,   0, 256,  64), (468, 354)
ACHUNK: 115, (256,   0, 288,  64), (493, 354)
ACHUNK: 120, (296,   0, 328,  64), (521, 354)
ACHUNK: 125, (336,   0, 376,  64), (545, 354)
ACHUNK: 130, (384,   0, 416,  64), (580, 354)
ACHUNK: 135, (426,   0, 448,  64), (606, 354)

COLOR0: #C8BE8C
COLOR1: #FFFF64
