POS: 2
UN1: 90
UN2: 50

# UNKNOWN ACHUNK
ACHUNK: 340, (500,  90,  40,  40), ( 20, 128)

# STATIC ACHUNKS
ACHUNK:  40, (  0,   0, 100,  32), (100,   5)
ACHUNK: 120, (  0,   0, 256,  32), (210, 410)

# GLYPH ACHUNKS (11)
ACHUNK:  85, (  0,   0,  16,  64), (138, 354)
ACHUNK:  90, ( 24,   0,  56,  64), (153, 354)
ACHUNK:  95, ( 64,   0,  80,  64), (184, 354)
ACHUNK: 100, ( 88,   0, 120,  64), (198, 354)
ACHUNK: 105, (128,   0, 152,  64), (226, 354)
ACHUNK: 110, (160,   0, 192,  64), (250, 354)
ACHUNK: 115, (200,   0, 248,  64), (294, 354)
ACHUNK: 120, (256,   0, 288,  64), (342, 354)
ACHUNK: 125, (296,   0, 320,  64), (376, 354)
ACHUNK: 130, (328,   0, 360,  64), (398, 354)
ACHUNK: 135, (368,   0, 400,  64), (429, 354)

COLOR0: #C8BE8C
COLOR1: #FFFF64
