POS: 2
UN1: 80
UN2: 30

# UNKNOWN ACHUNK
ACHUNK: 340, (580,  90,  40,  40), ( 20, 128)

# STATIC ACHUNKS
ACHUNK:  40, (  0,   0, 100,  32), (100,   5)
ACHUNK: 120, (  0,   0, 512,  32), (181, 410)

# GLYPH ACHUNKS (9)
ACHUNK:  70, (  0,   0, 190,  64), (133, 354)
ACHUNK:  80, (192,   0, 232,  64), (322, 354)
ACHUNK:  90, (240,   0, 272,  64), (361, 354)
ACHUNK: 100, (280,   0, 312,  64), (392, 354)
ACHUNK: 110, (312,   0, 360,  64), (431, 354)
ACHUNK: 120, (360,   0, 392,  64), (472, 354)
ACHUNK: 130, (400,   0, 440,  64), (501, 354)
ACHUNK: 140, (440,   0, 472,  64), (532, 354)
ACHUNK: 150, (480,   0, 512,  64), (558, 354)

COLOR0: #C8BE8C
COLOR1: #FFFF64
