POS: 2
UN1: 100
UN2: 25

# UNKNOWN ACHUNK
ACHUNK: 340, (600,  90,  30,  40), ( 60, 128)

# STATIC ACHUNKS
ACHUNK:  70, (  0,   0, 256,  32), (130, 376)
ACHUNK: 120, (  0,   0, 400,  32), (178, 406)

# GLYPH ACHUNKS (9)
ACHUNK:  80, (  0,   0,  40,  64), (370, 353)
ACHUNK:  90, ( 48,   0,  80,  64), (408, 353)
ACHUNK: 100, ( 88,   0, 104,  64), (439, 353)
ACHUNK: 110, (112,   0, 128,  64), (452, 353)
ACHUNK: 120, (136,   0, 168,  64), (465, 353)
ACHUNK: 130, (176,   0, 216,  64), (506, 353)
ACHUNK: 140, (224,   0, 240,  64), (544, 353)
ACHUNK: 150, (248,   0, 272,  64), (558, 353)
ACHUNK: 160, (280,   0, 320,  64), (580, 353)

COLOR0: #C8BE8C
COLOR1: #FFFF64
